[[4, 5], [4, 4], [4, 3], [4, 2], [4, 1], [5, 1], [6, 1], [7, 1], [9, 1], 
[10, 1], [11, 1], [11, 2], [11, 3], [11, 4], [11, 5], [4, 6], [6, 6], 
[7, 6], [8, 6], [9, 6], [10, 6], [11, 6], [5, 6], [8, 1], [8, 3], [8, 4],
[8, 5], [8, 2], [4, 7], [4, 8], [4, 9], [4, 10], [4, 11], [4, 12], 
[5, 12], [6, 12], [7, 12], [8, 12], [8, 11], [8, 7], [8, 8], [8, 9],
[8, 10], [9, 9], [10, 9], [11, 9], [12, 6], [13, 6], [14, 6], [15, 6],
[17, 6], [18, 6], [16, 6], [19, 6], [20, 6], [21, 6], [22, 6], [23, 6],
[24, 6], [25, 6], [26, 6], [17, 8], [17, 7], [17, 5], [17, 4], 
[17, 3], [17, 2], [17, 1], [17, 0], [17, 9], [14, 9], [15, 9],
[16, 9], [14, 10], [14, 11], [14, 12], [13, 12], [12, 12], [11, 12], 
[11, 11], [11, 10], [14, 13], [14, 14], [14, 15], [13, 15], [12, 15], 
[11, 15], [8, 13], [8, 14], [8, 15], [8, 16], [8, 17], [8, 18], [9, 18], 
[10, 18], [11, 16], [11, 17], [11, 18], [4, 15], [5, 15], [6, 15], 
[7, 15], [4, 16], [4, 17], [4, 18], [4, 19], [4, 20], [4, 21], [8, 19], 
[8, 20], [8, 21], [8, 22], [7, 21], [6, 21], [5, 21], [4, 22], [4, 23], 
[4, 24], [4, 25], [4, 26], [5, 26], [6, 26], [7, 26], [8, 26], [8, 25], 
[8, 24], [8, 23], [9, 21], [10, 21], [11, 21], [11, 22], [11, 23], 
[11, 24], [11, 25], [11, 26], [10, 26], [9, 26], [14, 16], [14, 17], 
[14, 18], [15, 18], [16, 18], [17, 18], [17, 19], [17, 20], [17, 21], 
[16, 21], [15, 21], [14, 21], [13, 21], [12, 21], [17, 22], [17, 23], 
[17, 24], [17, 25], [17, 26], [17, 27], [17, 28], [23, 9], [22, 9], 
[21, 9], [20, 9], [19, 9], [18, 9], [23, 7], [23, 8], [26, 7], [26, 8], 
[26, 9], [26, 10], [26, 11], [26, 12], [25, 12], [24, 12], [23, 12], 
[23, 11], [23, 10], [23, 5], [23, 4], [23, 3], [23, 2], [23, 1], [24, 1], 
[25, 1], [26, 1], [26, 2], [26, 3], [27, 3], [28, 3], [29, 3], [29, 4], 
[29, 5], [29, 6], [28, 6], [27, 6], [32, 12], [32, 11], [32, 10], 
[32, 9], [32, 8], [32, 7], [32, 6], [32, 5], [32, 4], [32, 3], [32, 2], 
[32, 1], [31, 1], [30, 1], [29, 1], [29, 2], [27, 9], [28, 9], [29, 10], 
[29, 9], [29, 11], [29, 12], [30, 12], [31, 12], [32, 13], [32, 14], 
[32, 15], [31, 15], [30, 15], [29, 15], [26, 13], [26, 14], [26, 15],
 [26, 16], [26, 17], [26, 18], [26, 19], [27, 18], [28, 18], [29, 18], 
 [29, 17], [29, 16], [20, 10], [20, 11], [20, 12], [20, 13], [20, 14], 
 [20, 15], [20, 16], [20, 17], [20, 18], [21, 18], [22, 18], [23, 18], 
 [23, 17], [23, 16], [23, 15], [24, 15], [25, 15], [18, 18], [19, 18], 
 [26, 20], [26, 21], [25, 21], [24, 21], [23, 21], [23, 20], [23, 19], 
 [18, 21], [20, 21], [21, 21], [22, 21], [19, 21], [32, 16], [32, 17], 
 [32, 18], [32, 19], [32, 20], [32, 21], [32, 22], [32, 23], [32, 24], 
 [32, 25], [32, 26], [31, 26], [30, 26], [29, 26], [29, 25], [29, 24], 
 [28, 24], [27, 21], [28, 21], [29, 21], [29, 22], [29, 23], [26, 24], 
 [27, 24], [26, 25], [26, 26], [23, 22], [23, 23], [23, 24], [23, 25], 
 [23, 26], [24, 26], [25, 26]]